STA24		0.7; 0.4			1.1; 1.2					1.0
PRE1		1.4; 0.5			1.2; 1.1					0.9
orf19.4248	0.9; 1.0			1.3; 0.8					0.9
orf19.5686	0.8; 0.6						1.2; 1.3		1.3
HSP122	1.0; 0.8; 1.0	1.5; 0.7; 1.2							1.0
IMP4		1.8; 0.6	1.6; 0.7							1.1
HIS1		1.0; 0.9									1.0

TEF4		0.9; 0.4						0.8; 0.6		1.2

EMP24	1.4; 1.7; 1.4	To be checked							1.0
RPO26		1.0; 0.7 	To be checked							0.9
SUI1		To be written									1.0

2-FOLD DOWN GROUP
COR1						0.7; 0.9; 0.7		1.0; 1.2; 0.9		0.7
ADH1						1.0; 0.9; 0.9		1.5; 1.2; 1.6		0.64
SEC14						1.1; 0.8; 0.8		1.4; 1.4; 1.1		0.51
FAS1						0.8; 1.3; 0.9		1.5; 1.9; 1.0		0.54

YNK1						1.6			0.5			0.61

